50
458
5 8 19
5 25 14
5 12 15
5 38 6
5 21 7
5 20 5
5 4 10
5 30 4
7 30 15
7 0 17
7 20 9
7 3 9
7 16 9
7 33 7
7 31 11
7 2 3
7 19 3
7 49 3
7 26 7
7 44 12
7 35 7
14 2 4
14 27 6
14 41 7
14 13 16
14 9 8
14 48 7
14 32 14
14 0 9
14 30 7
14 39 8
26 31 16
26 21 2
26 14 11
26 23 14
26 25 18
26 1 5
26 48 6
26 3 13
19 27 13
19 26 3
19 6 4
19 2 14
19 11 6
19 39 14
19 44 19
19 1 18
19 14 2
19 31 11
19 16 4
19 43 14
19 0 12
2 28 5
2 27 8
2 37 9
2 40 14
2 20 15
2 10 15
2 42 8
2 12 12
2 31 15
2 21 7
2 41 3
2 0 15
2 30 3
2 48 14
33 11 3
33 20 8
33 6 8
33 18 13
33 38 14
33 0 20
33 13 1
33 3 10
43 47 5
43 37 19
43 39 4
43 48 8
43 44 8
43 34 14
43 0 5
43 32 6
43 15 8
43 20 15
43 17 12
43 11 8
43 36 19
43 16 13
39 38 14
39 47 17
39 17 19
39 1 7
39 30 4
39 48 19
39 33 9
39 21 2
35 42 5
35 30 3
35 22 7
35 6 2
35 39 13
35 43 15
35 24 9
35 8 6
35 27 7
35 38 18
35 28 18
35 36 17
35 18 14
35 48 11
9 24 18
9 44 14
9 35 10
9 0 5
32 15 18
32 36 15
32 3 2
32 16 7
32 48 14
32 34 7
32 41 3
32 39 3
32 19 19
32 26 17
32 10 8
40 13 4
40 21 5
40 35 11
40 18 12
21 3 4
21 24 11
21 34 2
21 22 6
21 8 6
38 13 4
38 11 13
38 19 16
38 25 13
38 15 6
38 1 11
38 7 11
17 11 13
17 28 6
17 3 16
17 6 13
17 48 7
17 14 3
17 8 18
47 22 9
47 40 17
47 8 3
47 7 18
47 48 9
47 35 1
47 18 10
47 20 12
47 13 9
6 20 17
6 48 18
6 38 3
6 40 7
6 32 3
6 28 3
49 28 4
49 48 6
49 41 9
49 29 14
49 25 15
49 40 16
49 3 9
49 10 20
49 8 15
49 6 3
48 0 13
48 31 1
48 20 12
48 28 4
48 7 7
48 37 4
48 1 12
48 19 19
48 41 6
48 3 7
48 29 3
48 34 10
48 45 4
48 8 9
16 10 3
16 27 15
16 26 8
16 48 16
16 12 5
16 18 4
10 0 17
10 7 10
10 25 19
10 12 13
10 44 10
10 1 17
10 36 10
10 26 9
10 45 1
10 24 10
10 41 9
10 31 14
10 9 19
15 17 19
15 12 13
15 4 6
15 23 4
15 26 7
15 35 18
15 6 9
15 46 10
15 45 18
15 30 14
28 32 5
28 38 19
28 36 3
28 21 13
28 29 8
28 8 18
3 27 12
3 25 16
3 19 14
3 28 9
3 9 17
1 27 12
1 8 2
1 4 9
1 49 9
1 21 3
1 28 18
1 44 19
1 2 4
8 2 5
8 25 12
8 38 3
8 9 13
8 12 16
8 36 20
27 24 6
27 40 3
27 7 11
27 43 6
27 15 14
27 44 7
27 23 18
27 25 5
27 31 10
27 38 3
27 32 10
27 29 12
27 37 18
27 22 16
44 23 2
44 12 12
44 28 5
44 37 14
44 22 3
44 30 5
44 16 11
44 29 10
44 46 2
44 15 1
13 17 8
13 48 7
13 39 13
13 31 15
13 32 12
0 21 10
0 44 3
0 30 16
0 49 4
0 24 15
0 6 3
0 17 8
0 12 13
0 4 20
0 42 5
0 39 15
0 35 2
37 12 9
37 39 8
37 6 3
37 11 3
37 7 8
37 42 15
37 4 4
37 40 9
37 49 8
37 16 1
37 23 5
37 1 12
37 14 7
37 19 17
20 45 1
20 15 16
20 9 11
20 24 15
36 39 2
36 26 10
36 22 9
36 4 12
36 30 15
36 38 19
36 13 17
36 16 15
36 37 2
36 41 20
4 39 16
4 30 6
4 20 15
4 12 18
4 47 7
4 18 6
4 26 18
4 46 9
4 40 20
4 3 14
4 35 2
4 16 10
18 39 18
18 8 19
18 14 12
18 24 2
18 49 16
18 22 8
18 36 3
18 42 19
18 2 11
18 45 17
18 38 10
11 10 6
11 29 4
11 26 15
11 34 16
11 32 1
11 3 15
11 18 7
11 12 15
11 16 16
11 41 10
11 47 9
11 13 19
41 42 4
41 27 14
41 13 18
41 45 2
41 43 18
41 19 2
41 9 7
41 0 18
31 28 12
31 43 2
31 18 16
31 23 5
31 15 4
31 11 9
31 24 6
31 38 12
31 4 6
46 18 5
46 13 7
46 3 14
46 37 3
46 22 8
46 16 15
46 6 15
46 14 4
46 39 18
46 10 16
46 32 7
46 40 15
46 29 8
25 17 16
25 0 17
25 47 8
25 48 2
25 34 7
25 44 16
25 39 12
25 30 4
25 19 20
25 2 5
25 6 14
25 21 16
25 33 11
34 49 13
34 31 3
34 45 5
34 7 19
34 13 14
34 18 6
34 41 10
34 33 17
34 0 11
24 1 2
24 41 6
24 45 8
24 22 13
24 6 2
24 38 4
24 17 5
24 12 16
24 15 4
24 7 7
24 8 1
24 37 15
24 13 8
29 2 7
29 38 9
29 24 12
29 19 13
29 39 16
29 14 14
29 3 15
29 23 15
23 42 15
23 46 18
23 20 2
23 19 2
23 7 19
23 22 18
23 4 15
23 2 9
23 35 19
23 17 10
23 14 16
22 37 12
22 11 14
22 2 19
22 32 13
22 41 5
22 39 14
22 28 2
22 8 16
22 4 13
22 19 2
22 25 8
22 20 1
42 27 8
42 7 13
42 8 9
42 48 12
45 19 8
45 37 3
45 47 20
45 7 5
45 11 4
30 33 18
30 22 1
30 46 3
30 41 4
30 6 7
30 49 8
30 47 8
30 17 13