50
374
45 47
35 43
21 26
21 31
21 30
21 35
21 45
3 41
3 39
3 19
3 6
3 22
3 15
3 14
3 48
3 35
30 38
30 47
30 44
30 36
36 49
33 49
33 38
33 48
25 42
25 33
25 36
25 45
14 40
14 44
14 38
14 23
14 18
14 49
14 46
14 25
14 33
14 30
14 35
23 37
23 41
23 39
23 49
23 25
5 9
5 49
5 17
5 38
5 44
5 14
5 36
5 45
0 1
0 26
0 42
0 31
0 13
0 44
0 8
0 40
0 47
0 10
0 7
0 29
0 5
0 25
0 33
0 48
0 3
0 45
37 43
37 44
37 42
37 49
29 41
29 39
29 44
29 40
29 46
29 33
29 36
29 48
42 44
15 27
15 46
15 38
15 16
15 28
15 29
15 49
15 33
18 47
18 40
18 20
18 27
18 31
18 32
18 34
18 42
18 37
18 21
6 17
6 11
6 7
6 41
6 47
6 38
6 39
6 12
6 31
6 19
6 24
6 27
6 18
6 15
6 49
6 25
6 35
34 46
34 39
34 44
34 38
34 42
34 36
27 40
27 38
27 32
27 47
27 41
27 44
27 34
27 37
27 30
38 47
38 41
38 45
20 47
20 32
20 39
20 43
20 46
20 27
20 29
20 37
32 43
32 41
32 38
9 28
9 13
9 10
9 43
9 47
9 41
9 11
9 20
9 27
9 29
9 49
9 30
41 46
41 47
41 45
11 17
11 13
11 40
11 44
11 24
11 16
11 47
11 12
11 37
11 23
24 26
24 47
24 40
24 44
24 41
24 27
24 49
24 25
24 33
2 17
2 46
2 28
2 26
2 22
2 4
2 11
2 38
2 27
2 42
2 49
2 3
2 45
7 28
7 44
7 31
7 17
7 40
7 26
7 16
7 13
7 24
7 11
7 32
7 20
7 18
7 29
7 49
4 44
4 43
4 31
4 47
4 10
4 12
4 19
4 26
4 7
4 11
4 34
4 18
4 14
13 19
13 44
13 26
13 46
13 22
13 28
13 43
13 29
13 25
13 30
26 39
26 31
26 44
26 28
26 41
26 27
26 33
43 44
43 48
16 31
16 39
16 40
16 46
16 47
16 28
16 17
16 44
16 22
16 26
16 24
16 38
16 27
16 18
44 46
44 47
10 28
10 12
10 46
10 22
10 31
10 44
10 16
10 43
10 26
10 13
10 32
10 20
10 49
10 14
10 21
17 19
17 28
17 39
17 46
17 47
17 22
17 44
17 18
17 23
31 46
31 39
31 44
31 43
31 34
31 37
31 49
22 28
22 47
22 40
22 39
22 31
22 41
22 35
28 47
28 40
28 31
28 43
28 41
28 34
28 42
1 39
1 47
1 46
1 8
1 19
1 28
1 22
1 17
1 10
1 44
1 24
1 41
1 32
1 38
1 34
1 29
1 5
1 35
40 47
40 44
40 43
40 41
40 49
19 39
19 46
19 47
19 28
19 22
19 44
19 27
19 42
19 21
12 47
12 46
12 39
12 19
12 40
12 28
12 22
12 17
12 43
12 13
12 41
12 38
12 27
12 49
12 23
12 25
12 48
39 47
39 40
39 44
39 43
39 41
39 45
46 47
8 46
8 39
8 47
8 12
8 22
8 31
8 10
8 44
8 16
8 43
8 13
8 34
8 15
8 29
8 14
8 36